<!DOCTYPE html>
<html lang="en">
<head>
    <meta charset="UTF-8">
    <meta name="viewport" content="width=device-width, initial-scale=1.0">
    <title>p5.js Sketch</title>
    <script src="https://cdnjs.cloudflare.com/ajax/libs/p5.js/1.4.0/p5.js"></script>
    <style>
        body { 
            margin: 0;
            padding: 0;
            display: flex;
            justify-content: center;
            align-items: center;
            height: 100vh;
            background: #f0f0f0;
        }
        canvas {
            border: 1px solid black;
        }
    </style>
</head>
<body>
    <script>
        function setup() {
            createCanvas(800, 800);
            background(225);
        }

        function draw() {
            // Your drawing code here
            fill("#5ABA47");
    beginShape();
    vertex(301.37, 232.94);
    bezierVertex(303.05, 231.46, 303.82, 228.92, 301.06, 228.21);
    bezierVertex(298.82, 227.63, 296.04, 227.75, 294.25, 229.31);
    bezierVertex(290.78, 232.35, 294.23, 234.78, 297.57, 234.84);
    bezierVertex(298.99, 234.61, 300.32, 233.93, 301.37, 232.94);
    endShape(CLOSE);
    vertex(310.16, 241.02);
    bezierVertex(309.21000000000004, 240.86, 309.46000000000004, 240.0, 309.17, 239.35000000000002);
    bezierVertex(306.95, 236.21000000000004, 301.58000000000004, 236.71000000000004, 299.01, 239.16000000000003);
    bezierVertex(298.75, 239.45000000000002, 298.38, 239.75000000000003, 298.28999999999996, 240.12000000000003);
    bezierVertex(299.24999999999994, 241.92000000000004, 299.73999999999995, 243.96000000000004, 298.95, 245.82000000000002);
    bezierVertex(297.01, 248.33, 293.21999999999997, 248.67000000000002, 290.27, 248.37000000000003);
    bezierVertex(288.82, 248.14000000000004, 287.68, 247.23000000000005, 286.84999999999997, 245.96000000000004);
    bezierVertex(286.79999999999995, 245.93000000000004, 286.76, 245.90000000000003, 286.71999999999997, 245.86000000000004);
    bezierVertex(285.49999999999994, 244.68000000000004, 284.71, 243.21000000000004, 283.17999999999995, 242.54000000000005);
    bezierVertex(279.9599999999999, 241.23000000000005, 277.03, 244.55000000000004, 276.66999999999996, 247.53000000000006);
    bezierVertex(276.43999999999994, 248.81000000000006, 276.62999999999994, 250.13000000000005, 277.05999999999995, 251.35000000000005);
    bezierVertex(279.3299999999999, 254.67000000000004, 282.29999999999995, 257.43000000000006, 285.72999999999996, 259.09000000000003);
    bezierVertex(290.31999999999994, 260.83000000000004, 297.99999999999994, 260.3, 302.03, 257.42);
    bezierVertex(306.56, 254.09, 309.42, 247.49, 310.16, 241.02);
    endShape(CLOSE);
    vertex(329.34, 217.78);
    bezierVertex(331.4, 218.2, 341.83, 220.08, 341.5, 222.03);
    bezierVertex(341.31, 223.3, 339.79, 222.95, 338.89, 222.98);
    bezierVertex(337.97999999999996, 223.64999999999998, 336.65999999999997, 223.42, 335.61, 223.64);
    bezierVertex(335.23, 223.69, 334.86, 223.73, 334.48, 223.76999999999998);
    bezierVertex(331.79, 224.76999999999998, 329.36, 226.61999999999998, 327.54, 228.70999999999998);
    bezierVertex(325.27000000000004, 232.07999999999998, 324.41, 236.18999999999997, 322.37, 239.70999999999998);
    bezierVertex(320.31, 243.93999999999997, 317.42, 247.67, 314.6, 251.40999999999997);
    bezierVertex(313.48, 252.84999999999997, 312.29, 254.21999999999997, 311.12, 255.49999999999997);
    bezierVertex(310.65, 256.03999999999996, 310.04, 256.80999999999995, 309.27, 256.32);
    bezierVertex(308.71, 255.98999999999998, 308.65, 255.16, 309.10999999999996, 254.73999999999998);
    bezierVertex(310.36999999999995, 253.12999999999997, 311.28999999999996, 251.30999999999997, 312.28999999999996, 249.54);
    bezierVertex(314.85999999999996, 244.35, 317.65, 238.64, 317.30999999999995, 232.76999999999998);
    bezierVertex(315.60999999999996, 229.54, 312.17999999999995, 227.42999999999998, 308.71999999999997, 226.48);
    bezierVertex(312.96, 230.64999999999998, 312.71999999999997, 237.85, 311.66999999999996, 243.98);
    bezierVertex(310.68999999999994, 249.56, 308.03999999999996, 255.0, 303.68999999999994, 258.67);
    bezierVertex(300.00999999999993, 261.72, 294.98999999999995, 262.0, 290.40999999999997, 262.03000000000003);
    bezierVertex(284.48999999999995, 261.94000000000005, 279.35999999999996, 258.14000000000004, 275.74999999999994, 253.01000000000002);
    bezierVertex(275.5299999999999, 252.82000000000002, 275.34999999999997, 252.54000000000002, 275.2099999999999, 252.21);
    bezierVertex(271.93999999999994, 247.22, 270.0799999999999, 241.14000000000001, 270.2899999999999, 236.02);
    bezierVertex(270.3999999999999, 234.89000000000001, 270.5499999999999, 233.8, 270.8099999999999, 232.74);
    bezierVertex(269.3899999999999, 233.12, 267.9799999999999, 233.51000000000002, 266.5699999999999, 233.93);
    bezierVertex(260.71999999999986, 235.8, 254.34999999999988, 237.04000000000002, 249.10999999999987, 240.32);
    bezierVertex(247.85999999999987, 241.45999999999998, 246.65999999999988, 242.64, 245.48999999999987, 243.85999999999999);
    bezierVertex(245.53999999999988, 244.36999999999998, 245.46999999999986, 244.92999999999998, 245.33999999999986, 245.32);
    bezierVertex(243.93999999999986, 257.3, 258.1299999999999, 262.42, 267.65999999999985, 264.24);
    bezierVertex(272.79999999999984, 265.16, 277.97999999999985, 265.18, 283.14999999999986, 264.74);
    bezierVertex(283.6899999999999, 264.7, 284.14999999999986, 265.2, 284.15999999999985, 265.72);
    bezierVertex(284.16999999999985, 266.29, 283.71999999999986, 266.70000000000005, 283.17999999999984, 266.73);
    bezierVertex(280.15999999999985, 266.96000000000004, 277.1399999999998, 267.13, 274.11999999999983, 266.94);
    bezierVertex(262.1399999999998, 266.34, 242.73999999999984, 260.96, 243.25999999999982, 246.23);
    bezierVertex(240.00999999999982, 249.78, 236.9299999999998, 253.48999999999998, 233.6799999999998, 257.05);
    bezierVertex(232.0999999999998, 258.87, 230.5799999999998, 260.78000000000003, 229.0799999999998, 262.67);
    bezierVertex(228.28999999999982, 263.48, 227.63999999999982, 265.22, 226.2699999999998, 264.72);
    bezierVertex(223.7799999999998, 262.5, 231.2499999999998, 247.62000000000003, 232.7099999999998, 244.61);
    bezierVertex(231.44999999999982, 245.62, 230.35999999999981, 246.88000000000002, 229.0199999999998, 247.77);
    bezierVertex(227.9399999999998, 248.28, 226.9399999999998, 247.0, 227.44999999999982, 246.01000000000002);
    bezierVertex(228.74999999999983, 242.68, 231.05999999999983, 239.81000000000003, 233.3699999999998, 237.12);
    bezierVertex(237.3199999999998, 233.68, 242.2699999999998, 231.61, 247.0299999999998, 229.54);
    bezierVertex(260.2299999999998, 224.41, 273.8899999999998, 220.07999999999998, 287.9799999999998, 218.29);
    bezierVertex(301.67, 216.83, 315.66, 215.71, 329.34, 217.78);
    endShape(CLOSE);
    fill("#000000");
    beginShape();
    vertex(182.32, 230.0);
    bezierVertex(181.63, 229.67, 181.79999999999998, 228.34, 180.85999999999999, 228.55);
    bezierVertex(178.89, 229.12, 177.72, 228.48000000000002, 178.10999999999999, 226.3);
    bezierVertex(178.30999999999997, 224.20000000000002, 178.82, 222.29000000000002, 178.41, 220.26000000000002);
    bezierVertex(177.07, 220.36, 175.52, 219.70000000000002, 176.10999999999999, 218.09000000000003);
    bezierVertex(176.72, 216.98000000000002, 177.80999999999997, 216.26000000000002, 178.73999999999998, 215.44000000000003);
    bezierVertex(180.20999999999998, 214.24000000000004, 181.76, 213.14000000000001, 183.32, 212.07000000000002);
    bezierVertex(183.67, 211.84000000000003, 184.10999999999999, 211.71, 184.5, 211.93000000000004);
    bezierVertex(191.91, 207.81000000000003, 199.95, 204.92000000000004, 207.57, 201.19000000000003);
    bezierVertex(226.82, 191.90000000000003, 246.82, 184.32000000000002, 266.53, 176.06000000000003);
    bezierVertex(277.59, 171.94000000000003, 287.03, 164.84000000000003, 296.46, 157.91000000000003);
    bezierVertex(299.94, 155.55, 303.93, 152.97000000000003, 308.28, 153.14000000000001);
    bezierVertex(315.05999999999995, 154.23000000000002, 321.66999999999996, 156.16000000000003, 328.34999999999997, 157.76000000000002);
    bezierVertex(335.04999999999995, 159.48000000000002, 341.66999999999996, 161.51000000000002, 348.28999999999996, 163.50000000000003);
    bezierVertex(351.16999999999996, 164.42000000000002, 354.02, 165.45000000000002, 356.48999999999995, 167.20000000000002);
    bezierVertex(359.46, 169.3, 357.8299999999999, 171.43, 354.56999999999994, 171.20000000000002);
    bezierVertex(351.0999999999999, 171.29000000000002, 347.6599999999999, 171.79000000000002, 344.24999999999994, 172.31000000000003);
    bezierVertex(321.41999999999996, 175.68000000000004, 299.60999999999996, 183.49000000000004, 277.99999999999994, 191.26000000000002);
    bezierVertex(269.54999999999995, 194.13000000000002, 261.38999999999993, 197.79000000000002, 253.13999999999993, 201.21);
    bezierVertex(239.76999999999992, 206.62, 226.33999999999992, 211.91, 212.88999999999993, 217.11);
    bezierVertex(206.59999999999994, 219.5, 200.45999999999992, 222.09, 194.4699999999999, 225.12);
    bezierVertex(191.57999999999993, 226.56, 188.74999999999991, 228.1, 185.82999999999993, 229.46);
    bezierVertex(184.75, 229.9, 183.49, 230.58, 182.32, 230.0);
    endShape(CLOSE);
    vertex(182.15, 226.76);
    bezierVertex(182.81, 227.04, 183.17000000000002, 227.60999999999999, 183.46, 228.22);
    bezierVertex(190.28, 225.48, 196.54000000000002, 221.49, 203.4, 218.8);
    bezierVertex(221.82, 211.29000000000002, 240.52, 204.45000000000002, 258.84000000000003, 196.67000000000002);
    bezierVertex(268.77000000000004, 192.3, 279.02000000000004, 188.77, 289.24, 185.17000000000002);
    bezierVertex(296.06, 182.66000000000003, 302.93, 180.3, 309.92, 178.32000000000002);
    bezierVertex(324.88, 173.93000000000004, 340.14, 169.88000000000002, 355.77000000000004, 169.15000000000003);
    bezierVertex(352.85, 166.85000000000002, 349.31000000000006, 165.91000000000003, 345.86, 164.83000000000004);
    bezierVertex(340.87, 163.37000000000003, 335.90000000000003, 161.83000000000004, 330.88, 160.46000000000004);
    bezierVertex(325.67, 159.07000000000005, 320.42, 157.80000000000004, 315.29, 156.58000000000004);
    bezierVertex(309.20000000000005, 155.10000000000005, 306.33000000000004, 154.07000000000005, 300.64000000000004, 157.56000000000003);
    bezierVertex(293.38000000000005, 162.16000000000003, 286.84000000000003, 167.86000000000004, 279.36, 172.14000000000004);
    bezierVertex(271.51, 176.55000000000004, 263.0, 179.63000000000005, 254.70000000000002, 183.09000000000003);
    bezierVertex(235.68, 190.61000000000004, 216.98000000000002, 198.84000000000003, 198.48000000000002, 207.52000000000004);
    bezierVertex(194.35000000000002, 209.43000000000004, 189.87, 211.09000000000003, 185.96, 213.36000000000004);
    bezierVertex(184.77, 214.08000000000004, 183.63, 214.86000000000004, 182.54000000000002, 215.71000000000004);
    bezierVertex(182.25000000000003, 215.94000000000003, 181.85000000000002, 215.94000000000003, 181.53000000000003, 215.78000000000003);
    bezierVertex(181.21000000000004, 216.02000000000004, 180.89000000000004, 216.25000000000003, 180.60000000000002, 216.48000000000002);
    bezierVertex(179.88000000000002, 217.05, 179.16000000000003, 217.64000000000001, 178.50000000000003, 218.28000000000003);
    bezierVertex(181.94000000000003, 218.71000000000004, 180.11000000000004, 224.37000000000003, 180.06000000000003, 226.68000000000004);
    bezierVertex(180.75, 226.51, 181.49, 226.48, 182.15, 226.76);
    endShape(CLOSE);
    fill("#000000");
    beginShape();
    vertex(117.41, 264.25);
    bezierVertex(112.59, 256.6, 107.5, 249.2, 102.46, 241.7);
    bezierVertex(99.66, 237.67999999999998, 96.91999999999999, 233.47, 93.30999999999999, 230.16);
    bezierVertex(92.14999999999999, 229.45, 92.64999999999999, 227.66, 94.07999999999998, 228.07999999999998);
    bezierVertex(80.12999999999998, 217.42, 62.69999999999999, 213.27999999999997, 46.929999999999986, 206.08999999999997);
    bezierVertex(43.259999999999984, 204.54999999999998, 39.609999999999985, 202.98999999999998, 35.94999999999999, 201.43999999999997);
    bezierVertex(33.139999999999986, 200.32999999999996, 30.22999999999999, 198.62999999999997, 27.11999999999999, 199.36999999999998);
    bezierVertex(23.59999999999999, 199.42999999999998, 23.93999999999999, 200.06999999999996, 24.01999999999999, 203.25999999999996);
    bezierVertex(24.38999999999999, 208.80999999999997, 25.469999999999988, 214.53999999999996, 28.94999999999999, 218.97999999999996);
    bezierVertex(29.739999999999988, 218.50999999999996, 30.58999999999999, 219.23999999999995, 31.35999999999999, 219.46999999999997);
    bezierVertex(32.859999999999985, 220.06999999999996, 34.389999999999986, 220.60999999999996, 35.889999999999986, 221.11999999999998);
    bezierVertex(40.16999999999999, 222.62999999999997, 44.509999999999984, 223.96999999999997, 48.87999999999999, 225.2);
    bezierVertex(89.18, 235.98, 88.18, 233.37, 117.41, 264.25);
    endShape(CLOSE);
    vertex(121.13, 266.74);
    bezierVertex(122.03999999999999, 268.04, 121.77, 270.18, 119.78, 269.29);
    bezierVertex(109.9, 260.23, 101.62, 249.23000000000002, 90.56, 241.46000000000004);
    bezierVertex(83.68, 236.39000000000004, 75.28, 234.42000000000004, 67.19, 232.18000000000004);
    bezierVertex(54.39, 228.60000000000002, 41.28, 225.68000000000004, 28.989999999999995, 220.65000000000003);
    bezierVertex(27.429999999999996, 221.58000000000004, 26.379999999999995, 218.50000000000003, 25.619999999999994, 217.54000000000002);
    bezierVertex(23.389999999999993, 213.55, 22.499999999999993, 208.97000000000003, 22.109999999999992, 204.46);
    bezierVertex(21.979999999999993, 202.07000000000002, 21.389999999999993, 198.27, 24.48999999999999, 197.64000000000001);
    bezierVertex(27.34999999999999, 197.24, 30.269999999999992, 196.82000000000002, 32.989999999999995, 198.08);
    bezierVertex(40.279999999999994, 200.99, 47.44, 204.22, 54.709999999999994, 207.19);
    bezierVertex(66.42999999999999, 212.15, 78.78999999999999, 215.8, 89.64999999999999, 222.57999999999998);
    bezierVertex(93.24, 224.85, 96.64999999999999, 227.42, 99.91, 230.14);
    bezierVertex(100.72, 230.89, 101.75999999999999, 231.54, 102.13, 232.64);
    bezierVertex(102.25999999999999, 233.08999999999997, 102.03, 233.61999999999998, 101.61999999999999, 233.85);
    bezierVertex(100.52, 234.32999999999998, 99.46999999999998, 233.28, 98.50999999999999, 232.85);
    bezierVertex(104.32, 240.37, 109.33999999999999, 248.45999999999998, 114.66, 256.32);
    bezierVertex(116.88, 259.75, 119.23, 263.12, 121.13, 266.74);
    endShape(CLOSE);
    fill("#000000");
    beginShape();
    vertex(98.27, 292.01);
    bezierVertex(99.14999999999999, 291.58, 100.06, 291.17, 100.99, 290.81);
    bezierVertex(98.55, 290.09, 96.27, 288.73, 94.17999999999999, 287.26);
    bezierVertex(89.39999999999999, 284.08, 86.00999999999999, 279.32, 83.38, 274.3);
    bezierVertex(80.97, 269.7, 78.47, 263.87, 80.88, 258.82);
    bezierVertex(74.77, 258.57, 68.46, 257.71, 62.39, 257.87);
    bezierVertex(60.56, 258.15, 58.29, 259.0, 56.86, 260.42);
    bezierVertex(56.93, 260.65000000000003, 56.93, 260.90000000000003, 56.839999999999996, 261.12);
    bezierVertex(56.51, 262.35, 56.529999999999994, 263.51, 56.58, 264.69);
    bezierVertex(56.91, 270.17, 59.6, 275.42, 62.519999999999996, 279.94);
    bezierVertex(72.4, 294.35, 81.52, 298.53, 98.27, 292.01);
    endShape(CLOSE);
    vertex(104.55, 269.8);
    bezierVertex(104.86999999999999, 269.78000000000003, 105.28, 269.81, 105.50999999999999, 269.54);
    bezierVertex(105.24, 267.0, 102.41999999999999, 265.22, 100.02999999999999, 265.37);
    bezierVertex(97.65999999999998, 265.55, 98.76999999999998, 267.71, 100.08999999999999, 268.56);
    bezierVertex(101.38, 269.45, 103.06, 269.71, 104.55, 269.8);
    endShape(CLOSE);
    vertex(119.7, 282.92);
    bezierVertex(119.60000000000001, 282.79, 119.54, 282.64000000000004, 119.52, 282.47);
    bezierVertex(118.75, 278.92, 115.31, 275.92, 111.61999999999999, 273.97);
    bezierVertex(111.92999999999999, 279.01000000000005, 107.24999999999999, 284.15000000000003, 101.88999999999999, 282.34000000000003);
    bezierVertex(100.20999999999998, 281.82000000000005, 98.28999999999999, 281.08000000000004, 96.69999999999999, 280.01000000000005);
    bezierVertex(94.32999999999998, 278.83000000000004, 92.74999999999999, 276.36000000000007, 92.11999999999999, 273.77000000000004);
    bezierVertex(91.58999999999999, 272.07000000000005, 91.77, 270.05, 90.36999999999999, 268.76000000000005);
    bezierVertex(86.64999999999999, 265.1, 83.71, 268.32000000000005, 85.21, 272.63000000000005);
    bezierVertex(85.36999999999999, 273.39000000000004, 86.21, 274.41, 86.16999999999999, 275.22);
    bezierVertex(88.27999999999999, 278.87, 90.85999999999999, 282.38000000000005, 94.22999999999999, 284.81);
    bezierVertex(97.55999999999999, 287.28000000000003, 101.21999999999998, 289.66, 105.50999999999999, 289.33);
    bezierVertex(106.24, 289.27, 106.97999999999999, 289.16999999999996, 107.71, 289.03);
    bezierVertex(107.82, 288.97999999999996, 107.91999999999999, 288.92999999999995, 108.02999999999999, 288.86999999999995);
    bezierVertex(108.26999999999998, 288.7699999999999, 108.48999999999998, 288.7699999999999, 108.67999999999999, 288.81999999999994);
    bezierVertex(112.33, 287.97999999999996, 115.85999999999999, 286.28999999999996, 118.8, 284.06999999999994);
    bezierVertex(119.15, 283.73, 119.45, 283.34, 119.7, 282.92);
    endShape(CLOSE);
    vertex(122.63, 279.06);
    bezierVertex(122.64999999999999, 283.29, 120.57, 285.98, 116.83, 287.75);
    bezierVertex(114.12, 289.18, 111.17999999999999, 290.44, 108.14, 291.01);
    bezierVertex(106.21, 291.78, 104.09, 291.77, 102.15, 292.49);
    bezierVertex(95.80000000000001, 295.59000000000003, 88.81, 297.3, 81.71000000000001, 296.86);
    bezierVertex(70.48, 296.15000000000003, 56.900000000000006, 279.71000000000004, 54.84, 266.89);
    bezierVertex(54.790000000000006, 266.90999999999997, 54.74, 266.90999999999997, 54.690000000000005, 266.90999999999997);
    bezierVertex(53.95, 266.85999999999996, 53.290000000000006, 266.39, 52.60000000000001, 266.13);
    bezierVertex(50.42000000000001, 265.17, 48.36000000000001, 263.89, 46.91000000000001, 261.99);
    bezierVertex(42.98000000000001, 257.22, 48.73000000000001, 252.35000000000002, 53.21000000000001, 251.06);
    bezierVertex(63.13000000000001, 247.69, 73.78, 249.65, 83.74000000000001, 251.85);
    bezierVertex(87.61000000000001, 252.76, 91.55000000000001, 253.44, 95.32000000000001, 254.76999999999998);
    bezierVertex(104.1, 257.85, 122.47, 268.8, 122.63, 279.06);
    endShape(CLOSE);
    fill("#000000");
    beginShape();
    vertex(169.96, 421.43);
    bezierVertex(170.17000000000002, 421.89, 169.96, 422.46, 169.53, 422.71);
    bezierVertex(169.32, 422.83, 169.09, 422.87, 168.85, 422.87);
    bezierVertex(168.65, 422.87, 168.45, 422.84000000000003, 168.26, 422.8);
    bezierVertex(167.89, 422.73, 167.53, 422.6, 167.17999999999998, 422.48);
    bezierVertex(166.7, 422.32, 166.21999999999997, 422.15000000000003, 165.74999999999997, 421.96000000000004);
    bezierVertex(164.90999999999997, 421.64000000000004, 164.08999999999997, 421.3, 163.26999999999998, 420.94000000000005);
    bezierVertex(161.80999999999997, 420.30000000000007, 160.36999999999998, 419.61000000000007, 158.96999999999997, 418.9100000000001);
    vertex(158.90999999999997, 418.87000000000006);
    bezierVertex(157.98999999999998, 418.4100000000001, 157.07999999999996, 417.93000000000006, 156.17999999999998, 417.44000000000005);
    bezierVertex(155.26, 416.94000000000005, 154.32999999999998, 416.44000000000005, 153.42999999999998, 415.90000000000003);
    bezierVertex(151.59999999999997, 414.81000000000006, 149.85999999999999, 413.57000000000005, 148.15999999999997, 412.28000000000003);
    bezierVertex(146.50999999999996, 411.02000000000004, 144.91999999999996, 409.70000000000005, 143.39999999999998, 408.28000000000003);
    bezierVertex(141.82999999999998, 406.81, 140.26999999999998, 405.29, 138.92, 403.61);
    bezierVertex(138.32999999999998, 402.88, 137.76, 402.13, 137.29999999999998, 401.46000000000004);
    bezierVertex(137.17, 401.27000000000004, 137.04, 401.07000000000005, 136.91, 400.87000000000006);
    bezierVertex(136.71, 400.69000000000005, 136.52, 400.51000000000005, 136.34, 400.31000000000006);
    bezierVertex(136.12, 400.08000000000004, 136.03, 399.7800000000001, 136.06, 399.49000000000007);
    bezierVertex(135.38, 398.30000000000007, 134.78, 397.06000000000006, 134.37, 395.75000000000006);
    bezierVertex(133.74, 393.75000000000006, 133.53, 391.63000000000005, 133.54, 389.5400000000001);
    bezierVertex(133.54999999999998, 387.4600000000001, 133.69, 385.3900000000001, 133.9, 383.32000000000005);
    bezierVertex(134.1, 381.28000000000003, 134.3, 379.24000000000007, 134.5, 377.21000000000004);
    bezierVertex(134.8, 374.05, 135.08, 370.89000000000004, 135.29, 367.76000000000005);
    bezierVertex(135.29, 367.72, 135.29999999999998, 367.6700000000001, 135.29999999999998, 367.66);
    bezierVertex(135.30999999999997, 367.49, 135.32, 367.32000000000005, 135.32999999999998, 367.22);
    vertex(135.32999999999998, 367.16);
    bezierVertex(135.60999999999999, 362.99, 135.76999999999998, 358.82000000000005, 135.86999999999998, 354.65000000000003);
    bezierVertex(135.95, 351.40000000000003, 136.02999999999997, 348.15000000000003, 135.81999999999996, 344.96000000000004);
    bezierVertex(135.80999999999997, 344.84000000000003, 135.79999999999995, 344.72, 135.79999999999995, 344.61);
    bezierVertex(135.71999999999994, 343.59000000000003, 135.66999999999996, 342.55, 135.48999999999995, 341.54);
    bezierVertex(135.43999999999994, 341.42, 135.40999999999994, 341.29, 135.40999999999994, 341.15000000000003);
    bezierVertex(135.40999999999994, 340.61, 135.85999999999993, 340.15000000000003, 136.40999999999994, 340.15000000000003);
    bezierVertex(136.63999999999993, 340.15000000000003, 136.84999999999994, 340.22, 137.02999999999994, 340.36);
    bezierVertex(137.44999999999993, 340.69, 137.46999999999994, 341.28000000000003, 137.53999999999994, 341.77000000000004);
    bezierVertex(137.64999999999995, 342.68000000000006, 137.72999999999993, 343.59000000000003, 137.77999999999994, 344.47);
    vertex(137.79999999999995, 344.71000000000004);
    bezierVertex(137.93999999999994, 346.79, 137.96999999999994, 348.87000000000006, 137.93999999999994, 350.95000000000005);
    bezierVertex(137.90999999999994, 353.07000000000005, 137.85999999999993, 355.19000000000005, 137.79999999999995, 357.31000000000006);
    bezierVertex(137.70999999999995, 360.63000000000005, 137.55999999999995, 363.95000000000005, 137.33999999999995, 367.1700000000001);
    vertex(137.32999999999996, 367.37000000000006);
    bezierVertex(137.31999999999996, 367.5400000000001, 137.30999999999995, 367.71000000000004, 137.29999999999995, 367.74000000000007);
    bezierVertex(137.01999999999995, 371.9200000000001, 136.61999999999995, 376.0900000000001, 136.20999999999995, 380.26000000000005);
    bezierVertex(136.01999999999995, 382.25000000000006, 135.78999999999996, 384.24000000000007, 135.64999999999995, 386.16);
    bezierVertex(135.54999999999995, 387.85, 135.49999999999994, 389.56, 135.57999999999996, 391.12);
    bezierVertex(135.63999999999996, 392.02, 135.73999999999995, 392.91, 135.90999999999997, 393.79);
    bezierVertex(136.01999999999998, 394.29, 136.14999999999998, 394.78000000000003, 136.29999999999995, 395.26000000000005);
    bezierVertex(136.54999999999995, 395.96000000000004, 136.83999999999995, 396.64000000000004, 137.15999999999997, 397.31000000000006);
    bezierVertex(137.53999999999996, 398.07000000000005, 137.94999999999996, 398.81000000000006, 138.39999999999998, 399.52000000000004);
    bezierVertex(139.45, 400.42, 140.58999999999997, 401.22, 141.68999999999997, 402.05);
    bezierVertex(143.42999999999998, 403.37, 145.19999999999996, 404.63, 146.99999999999997, 405.87);
    bezierVertex(147.73999999999998, 406.39, 148.48999999999998, 406.9, 149.23999999999998, 407.4);
    bezierVertex(149.40999999999997, 407.52, 149.57999999999998, 407.63, 149.76, 407.75);
    bezierVertex(149.76999999999998, 407.76, 149.78, 407.76, 149.78, 407.77);
    bezierVertex(149.78, 407.77, 149.78, 407.77, 149.78, 407.77);
    bezierVertex(149.98, 407.90999999999997, 150.18, 408.03999999999996, 150.38, 408.18);
    bezierVertex(150.76, 408.44, 151.15, 408.7, 151.54, 408.96);
    bezierVertex(152.35, 409.5, 153.16, 410.03999999999996, 153.97, 410.58);
    bezierVertex(155.69, 411.72999999999996, 157.4, 412.88, 159.13, 414.0);
    bezierVertex(160.82999999999998, 415.1, 162.56, 416.15, 164.26999999999998, 417.23);
    bezierVertex(165.26999999999998, 417.86, 166.26, 418.52000000000004, 167.17999999999998, 419.14000000000004);
    bezierVertex(167.55999999999997, 419.40000000000003, 167.95, 419.66, 168.33999999999997, 419.93000000000006);
    bezierVertex(168.73999999999998, 420.21000000000004, 169.14999999999998, 420.49000000000007, 169.50999999999996, 420.82000000000005);
    bezierVertex(169.7, 421.01, 169.85, 421.2, 169.96, 421.43);
    endShape(CLOSE);
    fill("#000000");
    beginShape();
    vertex(212.38, 401.93);
    bezierVertex(213.51, 402.5, 215.64, 403.1, 215.46, 404.65000000000003);
    bezierVertex(215.45000000000002, 404.70000000000005, 215.44, 404.74, 215.44, 404.79);
    bezierVertex(215.28, 407.43, 212.72, 408.15000000000003, 210.47, 407.99);
    bezierVertex(206.73, 407.93, 203.15, 407.66, 199.47, 408.12);
    bezierVertex(196.27, 408.49, 193.25, 409.15, 190.21, 410.03000000000003);
    bezierVertex(189.20000000000002, 410.23, 188.06, 410.84000000000003, 187.07000000000002, 410.34000000000003);
    bezierVertex(184.17000000000002, 406.76000000000005, 195.77, 402.38000000000005, 198.28000000000003, 401.46000000000004);
    bezierVertex(202.8, 399.97, 207.95, 400.27, 212.38, 401.93);
    endShape(CLOSE);
    fill("#000000");
    beginShape();
    vertex(310.42, 471.05);
    bezierVertex(312.95, 473.29, 308.97, 474.68, 307.09000000000003, 474.95);
    bezierVertex(296.24, 476.39, 285.26000000000005, 476.90999999999997, 274.37, 478.09999999999997);
    bezierVertex(263.68, 478.85999999999996, 252.92000000000002, 479.41999999999996, 242.4, 481.57);
    bezierVertex(226.65, 484.40999999999997, 210.96, 488.57, 194.85000000000002, 488.12);
    bezierVertex(188.21000000000004, 488.27, 181.75000000000003, 486.79, 175.31000000000003, 485.43);
    bezierVertex(172.55000000000004, 484.6, 169.42000000000004, 485.67, 166.92000000000002, 483.98);
    bezierVertex(166.06, 483.41, 165.33, 482.58000000000004, 164.4, 482.15000000000003);
    bezierVertex(162.34, 481.29, 160.3, 480.41, 158.45000000000002, 479.13000000000005);
    bezierVertex(157.98000000000002, 478.8500000000001, 157.84, 478.22, 158.12, 477.76000000000005);
    bezierVertex(158.63, 476.95000000000005, 159.52, 477.36000000000007, 160.11, 477.81000000000006);
    bezierVertex(160.76000000000002, 477.09000000000003, 161.84, 477.70000000000005, 162.67000000000002, 477.74000000000007);
    bezierVertex(168.17000000000002, 478.8400000000001, 173.62, 480.82000000000005, 179.24, 481.1500000000001);
    bezierVertex(187.65, 481.74000000000007, 196.14000000000001, 481.80000000000007, 204.54000000000002, 481.3800000000001);
    bezierVertex(213.05, 480.8700000000001, 221.47000000000003, 479.4900000000001, 229.94000000000003, 478.5700000000001);
    bezierVertex(238.63000000000002, 477.4700000000001, 247.39000000000001, 476.9500000000001, 256.08000000000004, 475.8600000000001);
    bezierVertex(266.78000000000003, 474.3800000000001, 277.54, 473.3800000000001, 288.24, 471.9500000000001);
    bezierVertex(290.22, 471.5500000000001, 292.22, 471.1000000000001, 294.14, 470.5000000000001);
    bezierVertex(297.09999999999997, 469.3700000000001, 300.18, 468.1100000000001, 303.4, 468.9400000000001);
    bezierVertex(305.89, 469.44, 308.31, 469.74, 310.42, 471.05);
    endShape(CLOSE);
    fill("#000000");
    beginShape();
    vertex(337.11, 56.04);
    bezierVertex(328.79, 43.11, 319.87, 30.41, 312.82, 16.740000000000002);
    bezierVertex(312.46999999999997, 15.500000000000002, 314.34999999999997, 14.920000000000002, 314.73, 16.17);
    bezierVertex(314.97, 16.8, 315.31, 17.39, 315.62, 17.96);
    bezierVertex(319.71, 25.53, 324.49, 32.730000000000004, 329.05, 40.03);
    bezierVertex(332.25, 45.05, 335.5, 50.03, 338.81, 54.99);
    bezierVertex(339.48, 56.05, 337.8, 57.16, 337.11, 56.04);
    endShape(CLOSE);
    fill("#000000");
    beginShape();
    vertex(421.72, 159.86);
    bezierVertex(411.1, 152.61, 399.16, 147.67000000000002, 388.04, 141.28000000000003);
    bezierVertex(373.85, 133.09000000000003, 360.08000000000004, 123.96000000000004, 347.33000000000004, 113.69000000000003);
    bezierVertex(345.51000000000005, 112.06000000000003, 323.31000000000006, 94.12000000000003, 328.42, 93.33000000000003);
    bezierVertex(329.85, 93.37000000000003, 330.66, 95.05000000000003, 331.69, 95.88000000000002);
    bezierVertex(336.02, 100.10000000000002, 340.44, 104.18000000000002, 345.37, 107.61000000000003);
    bezierVertex(335.05, 97.50000000000003, 327.67, 85.10000000000002, 321.44, 72.19000000000003);
    bezierVertex(321.09, 71.20000000000003, 319.86, 69.85000000000002, 320.85, 68.91000000000003);
    bezierVertex(321.27000000000004, 68.61000000000003, 321.77000000000004, 68.62000000000002, 322.16, 68.95000000000003);
    bezierVertex(325.70000000000005, 74.10000000000004, 329.19, 79.39000000000003, 332.89000000000004, 84.44000000000003);
    bezierVertex(328.78000000000003, 76.83000000000003, 325.04, 69.03000000000003, 321.48, 61.15000000000003);
    bezierVertex(319.90000000000003, 57.630000000000024, 318.34000000000003, 54.090000000000025, 317.09000000000003, 50.440000000000026);
    bezierVertex(316.70000000000005, 49.43000000000003, 316.1, 47.300000000000026, 317.8, 47.29000000000003);
    bezierVertex(318.21000000000004, 47.340000000000025, 318.54, 47.60000000000003, 318.78000000000003, 47.93000000000003);
    bezierVertex(320.63000000000005, 50.42000000000003, 322.55, 52.870000000000026, 324.51000000000005, 55.29000000000003);
    bezierVertex(320.77000000000004, 49.410000000000025, 317.39000000000004, 43.29000000000003, 314.47, 36.96000000000003);
    bezierVertex(312.6, 32.84000000000003, 310.86, 28.650000000000027, 309.34000000000003, 24.38000000000003);
    bezierVertex(309.03000000000003, 22.95000000000003, 307.08000000000004, 19.43000000000003, 308.44000000000005, 18.43000000000003);
    bezierVertex(309.19000000000005, 17.960000000000033, 309.93000000000006, 18.640000000000033, 310.1700000000001, 19.340000000000032);
    bezierVertex(314.93000000000006, 28.970000000000034, 320.43000000000006, 38.25000000000003, 326.75000000000006, 46.930000000000035);
    bezierVertex(323.2900000000001, 41.17000000000004, 320.02000000000004, 35.290000000000035, 317.27000000000004, 29.150000000000034);
    bezierVertex(315.50000000000006, 25.020000000000035, 313.48, 20.840000000000032, 312.67, 16.410000000000032);
    bezierVertex(312.72, 15.480000000000032, 314.04, 15.160000000000032, 314.51, 15.960000000000033);
    bezierVertex(318.17, 29.050000000000033, 325.27, 41.00000000000003, 332.57, 52.41000000000004);
    bezierVertex(333.93, 54.51000000000004, 335.39, 56.54000000000004, 336.71999999999997, 58.66000000000004);
    bezierVertex(336.97999999999996, 59.11000000000004, 337.27, 59.59000000000004, 337.19, 60.13000000000004);
    bezierVertex(336.99, 61.290000000000035, 335.64, 61.210000000000036, 334.98, 60.45000000000004);
    bezierVertex(333.14000000000004, 58.610000000000035, 331.58000000000004, 56.52000000000004, 329.96000000000004, 54.49000000000004);
    bezierVertex(323.99, 46.900000000000034, 318.53000000000003, 38.900000000000034, 313.81000000000006, 30.470000000000038);
    bezierVertex(316.74000000000007, 37.710000000000036, 320.37000000000006, 44.640000000000036, 324.38000000000005, 51.33000000000004);
    bezierVertex(326.76000000000005, 55.25000000000004, 329.37000000000006, 59.030000000000044, 331.93000000000006, 62.84000000000004);
    bezierVertex(332.6500000000001, 64.24000000000004, 334.38000000000005, 65.62000000000003, 334.39000000000004, 67.21000000000004);
    bezierVertex(333.26000000000005, 69.57000000000004, 331.06000000000006, 65.80000000000004, 330.06000000000006, 64.97000000000004);
    bezierVertex(326.61000000000007, 61.12000000000004, 323.36000000000007, 57.09000000000004, 320.1600000000001, 53.030000000000044);
    bezierVertex(325.4200000000001, 65.69000000000004, 331.49000000000007, 78.04000000000005, 338.2000000000001, 89.99000000000004);
    bezierVertex(338.5900000000001, 90.67000000000004, 339.3000000000001, 91.75000000000004, 338.6300000000001, 92.47000000000004);
    bezierVertex(338.2800000000001, 92.84000000000005, 337.8000000000001, 92.91000000000004, 337.3400000000001, 92.72000000000004);
    bezierVertex(333.9200000000001, 90.01000000000005, 331.7200000000001, 85.94000000000004, 329.0700000000001, 82.52000000000004);
    bezierVertex(332.4600000000001, 88.41000000000004, 336.1100000000001, 94.20000000000005, 340.5100000000001, 99.39000000000004);
    bezierVertex(343.67000000000013, 103.06000000000004, 346.8800000000001, 106.33000000000004, 350.2200000000001, 109.76000000000005);
    bezierVertex(350.8500000000001, 110.48000000000005, 351.7900000000001, 111.05000000000005, 352.11000000000007, 111.99000000000005);
    bezierVertex(352.31000000000006, 112.63000000000005, 351.7800000000001, 113.29000000000005, 351.12000000000006, 113.32000000000005);
    bezierVertex(350.21000000000004, 113.27000000000005, 349.31000000000006, 112.53000000000004, 348.55000000000007, 112.15000000000005);
    bezierVertex(363.7300000000001, 124.27000000000005, 380.08000000000004, 135.01000000000005, 397.2700000000001, 144.05000000000004);
    bezierVertex(405.9000000000001, 148.61000000000004, 414.8300000000001, 152.71000000000004, 422.8800000000001, 158.28000000000003);
    bezierVertex(423.91, 158.99, 422.8, 160.61, 421.72, 159.86);
    endShape(CLOSE);
    fill("#000000");
    beginShape();
    vertex(499.79, 178.73);
    bezierVertex(461.5, 178.94, 426.38, 161.26999999999998, 393.07000000000005, 144.23);
    bezierVertex(392.0400000000001, 143.5, 389.11000000000007, 143.0, 390.31000000000006, 141.32);
    bezierVertex(390.69000000000005, 140.94, 391.2800000000001, 140.95999999999998, 391.6600000000001, 141.26999999999998);
    bezierVertex(392.61000000000007, 141.79, 393.6000000000001, 142.23999999999998, 394.55000000000007, 142.74999999999997);
    bezierVertex(417.83000000000004, 154.65999999999997, 441.58000000000004, 166.50999999999996, 467.06000000000006, 172.83999999999997);
    bezierVertex(474.9200000000001, 174.71999999999997, 482.96000000000004, 175.86999999999998, 491.02000000000004, 176.42999999999998);
    bezierVertex(493.92, 176.57999999999998, 496.87000000000006, 176.68999999999997, 499.79, 176.73);
    bezierVertex(501.0, 176.73, 501.16, 178.71, 499.79, 178.73);
    endShape(CLOSE);
    fill("#000000");
    beginShape();
    vertex(456.04, 300.45);
    bezierVertex(455.38, 300.0, 455.29, 299.11, 455.03000000000003, 298.40999999999997);
    bezierVertex(454.74, 297.43999999999994, 454.50000000000006, 296.53999999999996, 454.25000000000006, 295.66999999999996);
    bezierVertex(450.90000000000003, 283.15, 446.56000000000006, 270.89, 443.75000000000006, 258.23999999999995);
    bezierVertex(443.58000000000004, 259.53, 443.7300000000001, 260.96, 443.15000000000003, 262.12999999999994);
    bezierVertex(442.29, 263.10999999999996, 441.20000000000005, 262.30999999999995, 441.11, 261.16999999999996);
    bezierVertex(439.38, 249.96999999999997, 438.16, 238.67999999999995, 436.53000000000003, 227.45999999999995);
    bezierVertex(434.98, 216.82999999999996, 433.09000000000003, 206.25999999999996, 431.07000000000005, 195.69999999999996);
    bezierVertex(428.43000000000006, 183.74999999999997, 426.68000000000006, 171.12999999999997, 420.99000000000007, 160.19999999999996);
    bezierVertex(420.6500000000001, 159.52999999999997, 420.1000000000001, 158.98999999999995, 419.75000000000006, 158.34999999999997);
    bezierVertex(419.50000000000006, 157.67999999999998, 420.05000000000007, 156.96999999999997, 420.75000000000006, 157.00999999999996);
    bezierVertex(421.09000000000003, 157.02999999999997, 421.37000000000006, 157.20999999999995, 421.53000000000003, 157.46999999999997);
    bezierVertex(422.36, 158.48999999999998, 422.99, 159.64999999999998, 423.59000000000003, 160.80999999999997);
    bezierVertex(428.03000000000003, 170.25999999999996, 429.89000000000004, 180.7, 432.13000000000005, 190.83999999999997);
    bezierVertex(436.43000000000006, 211.62999999999997, 439.38000000000005, 232.64999999999998, 442.0400000000001, 253.7);
    bezierVertex(441.9200000000001, 251.48, 443.9700000000001, 250.54, 444.61000000000007, 253.04);
    bezierVertex(445.7700000000001, 257.83, 446.7300000000001, 262.89, 448.12000000000006, 267.55);
    bezierVertex(450.64000000000004, 276.29, 453.3400000000001, 284.97, 455.76000000000005, 293.74);
    bezierVertex(455.15000000000003, 278.93, 454.08000000000004, 264.05, 454.81000000000006, 249.29000000000002);
    bezierVertex(455.0400000000001, 247.45000000000002, 457.14000000000004, 247.02, 457.7800000000001, 248.88000000000002);
    bezierVertex(460.2100000000001, 256.17, 460.74000000000007, 263.94, 461.8500000000001, 271.5);
    bezierVertex(462.6700000000001, 261.53, 463.5800000000001, 251.57, 464.43000000000006, 241.61);
    bezierVertex(464.39000000000004, 240.72000000000003, 465.0400000000001, 239.56, 466.05000000000007, 240.03);
    bezierVertex(466.68000000000006, 240.34, 466.80000000000007, 241.09, 466.95000000000005, 241.71);
    bezierVertex(467.39000000000004, 243.88, 467.73, 246.08, 468.11000000000007, 248.26000000000002);
    bezierVertex(469.80000000000007, 238.11, 469.8300000000001, 227.92000000000002, 472.1500000000001, 217.97000000000003);
    bezierVertex(472.4000000000001, 216.85000000000002, 473.80000000000007, 216.07000000000002, 474.6500000000001, 217.09000000000003);
    bezierVertex(475.5400000000001, 218.23000000000002, 475.5600000000001, 220.03000000000003, 475.8200000000001, 221.35000000000002);
    bezierVertex(476.1400000000001, 223.57000000000002, 476.3800000000001, 225.8, 476.6000000000001, 228.03000000000003);
    bezierVertex(477.87000000000006, 209.46000000000004, 487.6600000000001, 192.23000000000002, 501.6000000000001, 180.16000000000003);
    bezierVertex(502.18000000000006, 179.67000000000002, 502.7800000000001, 179.20000000000002, 503.38000000000005, 178.74000000000004);
    bezierVertex(504.41, 178.04000000000005, 505.56000000000006, 179.59000000000003, 504.53000000000003, 180.36000000000004);
    bezierVertex(502.71000000000004, 181.77000000000004, 500.98, 183.29000000000005, 499.41, 184.85000000000005);
    bezierVertex(488.56, 195.65000000000006, 480.68, 209.70000000000005, 478.91, 224.99000000000007);
    bezierVertex(478.51000000000005, 228.31000000000006, 478.32000000000005, 231.66000000000005, 478.05, 234.99000000000007);
    bezierVertex(477.78000000000003, 236.20000000000007, 478.28000000000003, 239.04000000000008, 476.44, 238.87000000000006);
    bezierVertex(475.33, 238.60000000000005, 475.54, 237.15000000000006, 475.39, 236.26000000000005);
    bezierVertex(474.84, 230.91000000000005, 474.49, 225.47000000000006, 473.61, 220.20000000000005);
    bezierVertex(471.63, 230.64000000000004, 471.71000000000004, 241.39000000000004, 469.34000000000003, 251.75000000000006);
    bezierVertex(469.17, 252.33000000000007, 468.85, 253.06000000000006, 468.19000000000005, 253.20000000000005);
    bezierVertex(466.9800000000001, 253.45000000000005, 466.64000000000004, 252.09000000000003, 466.57000000000005, 251.16000000000005);
    bezierVertex(466.35, 249.87000000000006, 466.14000000000004, 248.58000000000004, 465.9200000000001, 247.30000000000004);
    bezierVertex(464.9100000000001, 258.35, 464.1000000000001, 269.47, 463.0400000000001, 280.51000000000005);
    bezierVertex(463.0200000000001, 281.59000000000003, 461.4200000000001, 281.96000000000004, 461.05000000000007, 280.88000000000005);
    bezierVertex(460.5900000000001, 278.09000000000003, 460.37000000000006, 275.26000000000005, 459.9600000000001, 272.46000000000004);
    bezierVertex(459.0200000000001, 265.53000000000003, 458.3100000000001, 258.53000000000003, 456.6000000000001, 251.74000000000004);
    bezierVertex(456.4500000000001, 264.14000000000004, 456.8400000000001, 276.40000000000003, 457.5200000000001, 288.75000000000006);
    bezierVertex(457.6200000000001, 291.2300000000001, 457.7900000000001, 293.90000000000003, 457.80000000000007, 296.31000000000006);
    bezierVertex(457.74, 297.62, 458.33, 301.35, 456.04, 300.45);
    endShape(CLOSE);
    fill("#000000");
    beginShape();
    vertex(445.95, 247.45);
    bezierVertex(444.62, 222.20999999999998, 444.69, 196.29999999999998, 436.15, 172.2);
    bezierVertex(436.15999999999997, 172.23, 436.16999999999996, 172.25, 436.17999999999995, 172.28);
    bezierVertex(435.84, 171.45, 435.5199999999999, 170.59, 435.04999999999995, 169.82);
    bezierVertex(434.77, 169.35999999999999, 434.92999999999995, 168.73, 435.38999999999993, 168.45999999999998);
    bezierVertex(437.05999999999995, 167.71999999999997, 437.5299999999999, 170.64, 438.06999999999994, 171.65999999999997);
    bezierVertex(441.4099999999999, 181.04999999999995, 443.42999999999995, 190.84999999999997, 444.7799999999999, 200.69999999999996);
    bezierVertex(446.38999999999993, 212.67999999999995, 446.8299999999999, 224.58999999999997, 447.4299999999999, 236.62999999999997);
    bezierVertex(447.5999999999999, 240.21999999999997, 447.7799999999999, 243.80999999999997, 447.9399999999999, 247.38999999999996);
    bezierVertex(447.97, 248.64, 446.01, 248.77, 445.95, 247.45);
    endShape(CLOSE);
    fill("#000000");
    beginShape();
    vertex(452.27, 228.19);
    bezierVertex(451.71, 228.13, 451.35999999999996, 227.64, 451.38, 227.1);
    bezierVertex(451.45, 225.39, 451.51, 223.68, 451.57, 222.10999999999999);
    bezierVertex(451.68, 219.26999999999998, 451.78, 216.54999999999998, 451.9, 213.73);
    bezierVertex(452.16999999999996, 206.79, 452.44, 199.88, 452.71, 192.95);
    bezierVertex(452.73999999999995, 188.32, 453.25, 183.57999999999998, 452.4, 179.01);
    bezierVertex(452.06, 177.92999999999998, 453.65, 177.23, 454.21, 178.20999999999998);
    bezierVertex(455.28, 182.12999999999997, 454.73999999999995, 186.61999999999998, 454.78, 190.60999999999999);
    bezierVertex(454.59999999999997, 196.49999999999997, 454.33, 202.44, 454.10999999999996, 208.25);
    bezierVertex(454.10999999999996, 208.22, 454.10999999999996, 208.19, 454.10999999999996, 208.17);
    bezierVertex(453.94999999999993, 212.79, 453.73999999999995, 217.42999999999998, 453.55999999999995, 222.04);
    bezierVertex(453.50999999999993, 223.79999999999998, 453.41999999999996, 225.54999999999998, 453.34999999999997, 227.31);
    bezierVertex(453.34, 227.84, 452.78, 228.25, 452.27, 228.19);
    endShape(CLOSE);
    fill("#000000");
    beginShape();
    vertex(460.53, 210.33);
    bezierVertex(459.63, 210.15, 459.73999999999995, 209.07000000000002, 459.9, 208.45000000000002);
    bezierVertex(460.0, 207.88000000000002, 460.06, 207.49, 460.14, 207.02);
    bezierVertex(460.58, 204.41, 461.01, 201.84, 461.43, 199.3);
    bezierVertex(461.43, 199.31, 461.43, 199.31, 461.43, 199.32000000000002);
    bezierVertex(461.43, 199.33, 461.43, 199.33, 461.43, 199.36);
    bezierVertex(461.99, 195.97000000000003, 462.55, 192.62, 463.09000000000003, 189.28);
    bezierVertex(463.09000000000003, 189.3, 463.08000000000004, 189.32, 463.08000000000004, 189.33);
    bezierVertex(463.08000000000004, 189.35000000000002, 463.07000000000005, 189.37, 463.07000000000005, 189.38000000000002);
    bezierVertex(463.35, 187.55, 463.72, 185.91000000000003, 463.84000000000003, 184.09000000000003);
    bezierVertex(463.72, 183.39000000000004, 464.36, 182.75000000000003, 465.06000000000006, 182.92000000000004);
    bezierVertex(466.39000000000004, 183.37000000000003, 465.65000000000003, 185.00000000000006, 465.63000000000005, 186.01000000000005);
    bezierVertex(465.37000000000006, 187.68000000000004, 465.11000000000007, 189.26000000000005, 464.84000000000003, 190.90000000000003);
    bezierVertex(464.84000000000003, 190.88000000000002, 464.85, 190.86000000000004, 464.85, 190.86000000000004);
    bezierVertex(464.85, 190.84000000000003, 464.86, 190.82000000000005, 464.87, 190.77000000000004);
    bezierVertex(464.25, 194.47000000000003, 463.66, 198.14000000000004, 463.04, 201.79000000000005);
    bezierVertex(462.70000000000005, 203.83000000000004, 462.38, 205.76000000000005, 462.04, 207.74000000000004);
    bezierVertex(461.78, 208.77, 462.01, 210.54, 460.53, 210.33);
    endShape(CLOSE);
    fill("#000000");
    beginShape();
    vertex(471.96, 209.74);
    bezierVertex(471.45, 209.55, 471.2, 208.97, 471.38, 208.46);
    bezierVertex(472.82, 204.44, 474.24, 200.42000000000002, 475.67, 196.4);
    bezierVertex(477.06, 192.29, 478.73, 188.16, 479.94, 184.02);
    bezierVertex(479.95, 183.69, 480.13, 183.37, 480.42, 183.20000000000002);
    bezierVertex(480.89000000000004, 182.92000000000002, 481.5, 183.08, 481.78000000000003, 183.54000000000002);
    bezierVertex(482.21000000000004, 184.61, 481.38000000000005, 185.78000000000003, 481.15000000000003, 186.83);
    bezierVertex(480.08000000000004, 189.9, 478.99, 192.96, 477.90000000000003, 196.03);
    bezierVertex(476.49, 200.01, 475.09000000000003, 203.98, 473.66, 207.95);
    bezierVertex(473.39, 208.76, 473.12, 210.14, 471.96, 209.74);
    endShape(CLOSE);
    fill("#000000");
    beginShape();
    vertex(486.33, 186.86);
    bezierVertex(485.56, 186.58, 485.60999999999996, 185.69000000000003, 485.93, 185.08);
    bezierVertex(486.55, 183.94000000000003, 488.28000000000003, 184.89000000000001, 487.68, 186.03);
    bezierVertex(487.68, 186.03, 487.68, 186.03, 487.68, 186.03);
    bezierVertex(487.7, 185.99, 487.72, 185.95, 487.74, 185.91);
    bezierVertex(487.63, 186.58, 487.01, 187.12, 486.33, 186.86);
    endShape(CLOSE);
    fill("#000000");
    beginShape();
    vertex(530.04, 338.48);
    bezierVertex(519.87, 337.54, 510.23999999999995, 333.27000000000004, 502.16999999999996, 327.09000000000003);
    bezierVertex(501.04999999999995, 326.48, 499.12999999999994, 323.34000000000003, 498.49999999999994, 325.82000000000005);
    bezierVertex(498.24999999999994, 327.00000000000006, 496.2799999999999, 326.74000000000007, 496.54999999999995, 325.39000000000004);
    bezierVertex(496.81999999999994, 324.25000000000006, 497.59, 323.14000000000004, 498.78999999999996, 322.88000000000005);
    bezierVertex(500.77, 322.55000000000007, 502.01, 324.55000000000007, 503.43999999999994, 325.56000000000006);
    bezierVertex(508.85999999999996, 329.63000000000005, 514.8199999999999, 332.90000000000003, 521.3199999999999, 334.80000000000007);
    bezierVertex(526.06, 335.8400000000001, 531.3799999999999, 337.63000000000005, 536.0799999999999, 335.7300000000001);
    bezierVertex(539.0699999999999, 333.7000000000001, 541.27, 330.7200000000001, 543.6899999999999, 328.0800000000001);
    bezierVertex(552.03, 318.6000000000001, 559.66, 308.3600000000001, 565.17, 297.0000000000001);
    bezierVertex(571.0, 285.1100000000001, 576.88, 273.1200000000001, 580.52, 260.3600000000001);
    bezierVertex(583.13, 251.56000000000012, 584.51, 242.45000000000013, 585.1999999999999, 233.31000000000012);
    bezierVertex(585.9599999999999, 222.14000000000013, 586.03, 210.9400000000001, 583.9899999999999, 199.9100000000001);
    bezierVertex(581.1999999999999, 184.4700000000001, 574.9799999999999, 168.1700000000001, 561.0399999999998, 159.6600000000001);
    bezierVertex(556.9499999999998, 156.9800000000001, 552.0199999999999, 155.3900000000001, 547.1799999999998, 155.62000000000012);
    bezierVertex(540.9699999999998, 155.33000000000013, 534.7399999999998, 156.67000000000013, 529.3999999999999, 159.78000000000011);
    bezierVertex(522.9399999999998, 163.5100000000001, 516.8699999999999, 167.55000000000013, 511.5099999999999, 172.6400000000001);
    bezierVertex(508.8099999999999, 175.0700000000001, 506.5499999999999, 177.9400000000001, 503.9299999999999, 180.4400000000001);
    bezierVertex(503.0299999999999, 181.2900000000001, 501.6999999999999, 179.8200000000001, 502.5599999999999, 179.0000000000001);
    bezierVertex(507.1199999999999, 174.28000000000011, 511.51999999999987, 169.28000000000011, 516.9499999999999, 165.5000000000001);
    bezierVertex(523.06, 161.15000000000012, 529.3699999999999, 156.6600000000001, 536.68, 154.6400000000001);
    bezierVertex(541.7399999999999, 153.3800000000001, 547.1099999999999, 153.3800000000001, 552.27, 153.9600000000001);
    bezierVertex(557.63, 154.88000000000008, 562.55, 157.94000000000008, 566.65, 161.2600000000001);
    bezierVertex(586.34, 177.9000000000001, 588.92, 208.9900000000001, 587.2099999999999, 233.1100000000001);
    bezierVertex(586.15, 252.1300000000001, 580.3499999999999, 270.4400000000001, 571.9899999999999, 287.4300000000001);
    bezierVertex(567.2799999999999, 297.5800000000001, 562.2999999999998, 307.67000000000013, 555.4999999999999, 316.6100000000001);
    bezierVertex(551.2299999999999, 322.42000000000013, 546.5699999999999, 327.9500000000001, 541.6999999999999, 333.27000000000015);
    bezierVertex(538.29, 337.23, 535.51, 339.04, 530.04, 338.48);
    endShape(CLOSE);
    fill("#000000");
    beginShape();
    vertex(518.65, 286.16);
    bezierVertex(512.91, 283.17, 506.28, 281.17, 501.65, 276.49);
    bezierVertex(498.9, 273.37, 500.97999999999996, 267.09000000000003, 502.13, 263.53000000000003);
    bezierVertex(503.32, 260.67, 504.76, 257.76000000000005, 505.69, 254.86000000000004);
    bezierVertex(506.29, 253.40000000000003, 506.02, 250.96000000000004, 507.89, 250.49000000000004);
    bezierVertex(505.9, 246.05000000000004, 502.63, 242.08000000000004, 501.86, 237.17000000000004);
    bezierVertex(501.32, 232.67000000000004, 501.54, 227.86000000000004, 503.45, 223.71000000000004);
    bezierVertex(504.62, 221.43000000000004, 507.34999999999997, 220.74000000000004, 509.72999999999996, 220.65000000000003);
    bezierVertex(514.18, 220.27000000000004, 517.23, 224.38000000000002, 520.64, 226.63000000000002);
    bezierVertex(516.63, 222.42000000000002, 512.43, 217.82000000000002, 511.15999999999997, 211.97000000000003);
    bezierVertex(509.40999999999997, 202.66000000000003, 513.4399999999999, 193.18000000000004, 518.0699999999999, 185.33000000000004);
    bezierVertex(523.6199999999999, 176.06000000000003, 534.2499999999999, 167.53000000000003, 545.5999999999999, 169.34000000000003);
    bezierVertex(552.55, 170.72000000000003, 558.8499999999999, 175.16000000000003, 562.9599999999999, 180.88000000000002);
    bezierVertex(567.43, 186.17000000000002, 570.9999999999999, 192.12000000000003, 573.0699999999999, 198.76000000000002);
    bezierVertex(576.9399999999999, 209.82000000000002, 579.05, 221.59000000000003, 578.6899999999999, 233.3);
    bezierVertex(578.55, 238.51000000000002, 578.38, 243.95000000000002, 576.7299999999999, 248.89000000000001);
    bezierVertex(576.31, 249.4, 575.4999999999999, 249.27, 575.1599999999999, 248.75000000000003);
    bezierVertex(574.7599999999999, 247.77000000000004, 575.5499999999998, 246.55000000000004, 575.5799999999998, 245.49000000000004);
    bezierVertex(577.9899999999998, 231.12000000000003, 576.6599999999999, 216.18000000000004, 572.1199999999998, 202.38000000000005);
    bezierVertex(570.4399999999998, 196.88000000000005, 568.4099999999997, 191.37000000000006, 564.9399999999998, 186.73000000000005);
    bezierVertex(562.8699999999998, 184.05000000000004, 560.8899999999999, 181.29000000000005, 558.6499999999999, 178.74000000000004);
    bezierVertex(554.5799999999998, 174.91000000000003, 549.6299999999999, 171.84000000000003, 544.0799999999998, 171.06000000000003);
    bezierVertex(533.8399999999998, 170.53000000000003, 524.7599999999998, 177.99000000000004, 519.7499999999998, 186.37000000000003);
    bezierVertex(516.0099999999998, 192.71000000000004, 512.8799999999998, 199.77000000000004, 512.7099999999998, 207.19000000000003);
    bezierVertex(512.2799999999999, 216.93000000000004, 520.6499999999999, 223.55, 526.6799999999998, 230.00000000000003);
    bezierVertex(528.0799999999998, 231.43000000000004, 529.5099999999999, 232.82000000000002, 530.9399999999998, 234.21000000000004);
    bezierVertex(531.6699999999998, 234.76000000000005, 531.4199999999998, 236.06000000000003, 530.4299999999998, 236.10000000000002);
    bezierVertex(529.8399999999998, 236.11, 529.3499999999998, 235.68000000000004, 528.8899999999999, 235.36);
    bezierVertex(525.6299999999999, 233.05, 522.4899999999999, 230.60000000000002, 519.3399999999999, 228.15);
    bezierVertex(517.1899999999999, 226.55, 515.0899999999999, 224.75, 512.8499999999999, 223.32);
    bezierVertex(511.7199999999999, 222.42, 510.1599999999999, 222.57999999999998, 508.8599999999999, 222.7);
    bezierVertex(506.6699999999999, 222.82, 504.9299999999999, 224.08999999999997, 504.5199999999999, 226.29999999999998);
    bezierVertex(503.43999999999994, 230.23999999999998, 503.18999999999994, 234.46999999999997, 504.11999999999995, 238.40999999999997);
    bezierVertex(505.18999999999994, 241.95999999999998, 507.3999999999999, 245.02999999999997, 509.0199999999999, 248.33999999999997);
    bezierVertex(509.88999999999993, 249.87999999999997, 510.94999999999993, 251.98999999999998, 508.3499999999999, 252.40999999999997);
    bezierVertex(506.8399999999999, 259.65, 501.8099999999999, 265.9, 502.3099999999999, 273.52);
    bezierVertex(502.7499999999999, 275.63, 504.9199999999999, 276.78, 506.5499999999999, 277.94);
    bezierVertex(510.6899999999999, 280.28, 515.0299999999999, 282.25, 519.31, 284.29);
    bezierVertex(519.8, 284.58000000000004, 520.0899999999999, 284.37, 520.42, 284.02000000000004);
    bezierVertex(520.88, 283.56000000000006, 521.3299999999999, 283.07000000000005, 521.7199999999999, 282.58000000000004);
    bezierVertex(525.05, 278.34000000000003, 527.55, 273.27000000000004, 531.5799999999999, 269.61);
    bezierVertex(534.9899999999999, 266.49, 538.8499999999999, 263.76, 542.8, 261.39);
    bezierVertex(546.9599999999999, 258.28999999999996, 550.7299999999999, 253.85999999999999, 550.7199999999999, 248.45);
    bezierVertex(550.7799999999999, 247.17, 550.8, 246.14999999999998, 550.79, 244.94);
    bezierVertex(550.78, 244.4, 551.17, 243.92, 551.73, 243.89);
    bezierVertex(552.25, 243.85999999999999, 552.77, 244.29, 552.78, 244.82999999999998);
    bezierVertex(553.06, 251.80999999999997, 551.78, 255.57999999999998, 546.88, 260.59999999999997);
    bezierVertex(541.51, 265.24999999999994, 534.75, 268.15999999999997, 530.26, 273.96999999999997);
    bezierVertex(527.3199999999999, 277.52, 525.3199999999999, 281.78, 522.14, 285.11999999999995);
    bezierVertex(521.3, 286.17, 519.94, 286.89, 518.65, 286.16);
    endShape(CLOSE);
    fill("#000000");
    beginShape();
    vertex(559.79, 256.02);
    bezierVertex(555.24, 253.1, 557.0799999999999, 244.45, 556.48, 239.67999999999998);
    bezierVertex(556.11, 230.71999999999997, 555.74, 221.73999999999998, 554.78, 212.82);
    bezierVertex(553.89, 207.26999999999998, 553.3, 196.04, 547.92, 193.16);
    bezierVertex(546.5699999999999, 192.46, 546.63, 194.04, 546.53, 194.95);
    bezierVertex(546.65, 196.60999999999999, 547.63, 198.04999999999998, 548.22, 199.57);
    bezierVertex(548.69, 200.60999999999999, 549.15, 201.66, 549.69, 202.66);
    bezierVertex(549.9200000000001, 202.96, 549.98, 203.39, 549.7800000000001, 203.72);
    bezierVertex(549.4300000000001, 204.41, 548.4300000000001, 204.42, 548.0300000000001, 203.78);
    bezierVertex(547.33, 202.48, 546.7300000000001, 201.12, 546.1300000000001, 199.78);
    bezierVertex(545.3600000000001, 197.91, 544.1800000000001, 195.99, 544.6400000000001, 193.9);
    bezierVertex(544.9100000000001, 190.32, 548.3100000000001, 190.4, 550.4700000000001, 192.47);
    bezierVertex(555.3300000000002, 197.42, 555.5700000000002, 205.09, 556.6400000000001, 211.59);
    bezierVertex(557.8800000000001, 222.35, 558.2400000000001, 233.29, 558.6100000000001, 244.14);
    bezierVertex(558.8500000000001, 247.45999999999998, 558.0700000000002, 251.39, 560.4300000000002, 254.07999999999998);
    bezierVertex(561.2500000000002, 252.51999999999998, 561.5400000000002, 250.83999999999997, 561.8100000000002, 249.19);
    bezierVertex(562.3700000000001, 245.06, 562.9400000000002, 240.92, 563.4600000000002, 236.78);
    bezierVertex(563.5800000000002, 235.94, 563.4800000000001, 234.53, 564.6800000000002, 234.59);
    bezierVertex(565.2000000000002, 234.63, 565.6600000000002, 235.12, 565.5900000000001, 235.66);
    bezierVertex(565.0700000000002, 239.93, 564.5000000000001, 244.2, 563.9100000000002, 248.46);
    bezierVertex(563.47, 250.66, 563.12, 256.97, 559.79, 256.02);
    endShape(CLOSE);
    fill("#000000");
    beginShape();
    vertex(534.77, 300.02);
    bezierVertex(533.5, 298.44, 535.37, 296.04999999999995, 535.9, 294.46999999999997);
    bezierVertex(535.93, 293.65999999999997, 535.56, 293.02, 535.4399999999999, 292.24999999999994);
    bezierVertex(535.67, 290.2099999999999, 536.9699999999999, 288.41999999999996, 537.8199999999999, 286.5899999999999);
    bezierVertex(539.7499999999999, 282.94999999999993, 541.9999999999999, 279.7799999999999, 544.15, 276.3299999999999);
    bezierVertex(547.2099999999999, 271.5799999999999, 549.09, 266.2099999999999, 550.75, 260.8399999999999);
    bezierVertex(551.19, 259.63999999999993, 553.05, 260.2799999999999, 552.62, 261.5199999999999);
    bezierVertex(551.32, 265.6099999999999, 549.99, 269.73999999999995, 548.02, 273.55999999999995);
    bezierVertex(544.73, 279.87999999999994, 539.92, 285.41999999999996, 537.42, 292.13999999999993);
    bezierVertex(537.7199999999999, 292.92999999999995, 537.9, 293.7899999999999, 537.87, 294.63999999999993);
    bezierVertex(537.61, 295.87999999999994, 536.8100000000001, 296.9599999999999, 536.48, 298.18999999999994);
    bezierVertex(542.44, 296.3299999999999, 548.29, 293.42999999999995, 552.9200000000001, 289.23999999999995);
    bezierVertex(563.32, 278.91999999999996, 568.48, 264.12999999999994, 568.9100000000001, 249.68999999999994);
    bezierVertex(569.2300000000001, 237.60999999999993, 565.7600000000001, 225.80999999999995, 564.3900000000001, 213.95999999999995);
    bezierVertex(564.1300000000001, 212.53999999999996, 562.5000000000001, 194.56999999999994, 566.19, 198.57999999999996);
    bezierVertex(566.4100000000001, 199.00999999999996, 566.23, 199.58999999999995, 566.1600000000001, 200.03999999999996);
    bezierVertex(565.45, 204.84999999999997, 565.9100000000001, 209.73999999999995, 566.46, 214.51999999999995);
    bezierVertex(566.46, 214.50999999999996, 566.46, 214.49999999999994, 566.46, 214.48999999999995);
    bezierVertex(566.46, 214.48999999999995, 566.46, 214.47999999999996, 566.46, 214.47999999999996);
    bezierVertex(568.33, 228.76999999999995, 572.6500000000001, 243.08999999999997, 570.21, 257.58);
    bezierVertex(567.77, 273.35999999999996, 559.87, 290.09, 544.7, 297.02);
    bezierVertex(542.0500000000001, 298.34, 539.32, 299.56, 536.4300000000001, 300.25);
    bezierVertex(535.86, 300.41, 535.24, 300.44, 534.77, 300.02);
    endShape(CLOSE);
    fill("#000000");
    beginShape();
    vertex(516.89, 273.14);
    bezierVertex(513.97, 272.13, 510.8, 270.4, 509.77, 267.33);
    bezierVertex(508.87, 267.52, 508.22999999999996, 266.38, 508.82, 265.69);
    bezierVertex(509.59999999999997, 265.07, 510.25, 264.3, 510.92, 263.55);
    bezierVertex(513.7, 260.41, 516.13, 257.0, 518.78, 253.76000000000002);
    bezierVertex(519.97, 252.51000000000002, 521.06, 250.37000000000003, 522.98, 250.36);
    bezierVertex(525.49, 251.08, 526.24, 254.98000000000002, 525.9300000000001, 257.26);
    bezierVertex(525.3100000000001, 260.45, 523.86, 263.52, 522.61, 266.48);
    bezierVertex(521.48, 268.55, 519.96, 274.02, 516.89, 273.14);
    endShape(CLOSE);
    vertex(517.58, 271.27);
    bezierVertex(519.21, 269.79999999999995, 519.84, 267.59, 520.7900000000001, 265.69);
    bezierVertex(522.2800000000001, 261.57, 525.7900000000001, 256.61, 522.8100000000001, 252.42);
    bezierVertex(522.83, 252.45, 522.86, 252.48999999999998, 522.8800000000001, 252.51999999999998);
    bezierVertex(522.8500000000001, 252.48, 522.8300000000002, 252.45, 522.7900000000001, 252.40999999999997);
    bezierVertex(522.7800000000001, 252.39999999999998, 522.7700000000001, 252.38999999999996, 522.7700000000001, 252.38999999999996);
    bezierVertex(518.5400000000001, 256.47999999999996, 515.57, 261.65999999999997, 511.5200000000001, 265.84);
    bezierVertex(511.78, 268.87, 515.07, 270.37, 517.58, 271.27);
    endShape(CLOSE);
    fill("#000000");
    beginShape();
    vertex(521.62, 209.6);
    bezierVertex(520.28, 207.73999999999998, 516.84, 202.23, 518.09, 200.09);
    bezierVertex(519.8000000000001, 198.42000000000002, 522.07, 197.11, 524.45, 196.68);
    bezierVertex(525.0200000000001, 196.58, 525.7900000000001, 196.85, 526.1700000000001, 197.22);
    bezierVertex(530.0200000000001, 199.77, 536.33, 199.27, 540.6, 198.26);
    bezierVertex(541.8000000000001, 197.98999999999998, 542.83, 197.60999999999999, 543.99, 197.42999999999998);
    bezierVertex(545.04, 197.46999999999997, 545.24, 199.10999999999999, 544.22, 199.36999999999998);
    bezierVertex(538.5500000000001, 201.08999999999997, 532.19, 201.93999999999997, 526.52, 199.75999999999996);
    bezierVertex(525.84, 199.51999999999995, 525.31, 198.96999999999997, 524.6999999999999, 198.65999999999997);
    bezierVertex(522.8699999999999, 198.95999999999998, 521.14, 200.09999999999997, 519.7599999999999, 201.21999999999997);
    bezierVertex(520.3099999999998, 203.69999999999996, 521.6299999999999, 206.12999999999997, 523.0499999999998, 208.18999999999997);
    bezierVertex(525.2399999999999, 208.34999999999997, 527.2099999999998, 206.95999999999998, 529.1699999999998, 206.23999999999998);
    bezierVertex(531.0799999999998, 205.54999999999998, 533.1699999999998, 205.14, 535.1899999999998, 205.49999999999997);
    bezierVertex(537.4599999999998, 205.93999999999997, 539.6199999999998, 206.89999999999998, 541.7599999999999, 207.76999999999998);
    bezierVertex(542.2599999999999, 207.98999999999998, 542.5499999999998, 208.51, 542.3499999999999, 209.04);
    bezierVertex(542.17, 209.53, 541.5699999999999, 209.85, 541.0699999999999, 209.64);
    bezierVertex(537.1099999999999, 207.79999999999998, 532.7399999999999, 206.26, 528.7199999999999, 208.60999999999999);
    bezierVertex(526.54, 209.37, 523.78, 211.23, 521.62, 209.6);
    endShape(CLOSE);
    fill("#000000");
    beginShape();
    vertex(547.08, 246.01);
    bezierVertex(546.47, 245.88, 546.2, 245.26999999999998, 546.34, 244.7);
    bezierVertex(546.8100000000001, 241.35, 546.26, 237.91, 545.57, 234.64);
    bezierVertex(545.2900000000001, 233.22, 544.5200000000001, 231.98999999999998, 544.11, 230.61999999999998);
    bezierVertex(543.66, 229.02999999999997, 543.61, 227.25999999999996, 542.71, 225.81999999999996);
    bezierVertex(540.1, 222.81999999999996, 537.99, 219.41999999999996, 535.4000000000001, 216.39999999999998);
    bezierVertex(532.8700000000001, 214.21999999999997, 530.21, 211.85999999999999, 527.1100000000001, 210.65999999999997);
    bezierVertex(526.7000000000002, 210.53999999999996, 526.2400000000001, 210.50999999999996, 525.9300000000002, 210.15999999999997);
    bezierVertex(525.2700000000002, 209.45999999999998, 526.0900000000001, 208.23999999999998, 526.9900000000001, 208.56999999999996);
    bezierVertex(530.8900000000001, 209.64999999999998, 534.0600000000002, 212.58999999999997, 537.0200000000001, 215.22999999999996);
    bezierVertex(539.5000000000001, 218.13999999999996, 541.5400000000001, 221.40999999999997, 544.0400000000001, 224.30999999999997);
    bezierVertex(545.2800000000001, 225.80999999999997, 545.5300000000001, 227.83999999999997, 545.9000000000001, 229.68999999999997);
    bezierVertex(546.2700000000001, 231.10999999999996, 547.1400000000001, 232.47999999999996, 547.4100000000001, 233.87999999999997);
    bezierVertex(547.88, 235.57, 549.91, 246.54, 547.08, 246.01);
    endShape(CLOSE);
        }
    </script>
</body>
</html>
